Pos(0, 0), Pos(1, 0), Pos(1, 1), Pos(1, 2), 
Pos(0, 2), Pos(0, 3), Pos(0, 4), Pos(0, 5), 
Pos(1, 5), Pos(1, 6), Pos(0, 6), Pos(0, 7), 
Pos(0, 8), Pos(0, 9), Pos(1, 9), Pos(2, 9), 
Pos(2, 10), Pos(3, 10), Pos(4, 10), Pos(4, 11), 
Pos(5, 11), Pos(6, 11), Pos(7, 11), Pos(7, 12), 
Pos(8, 12), Pos(9, 12), Pos(10, 12), Pos(10, 11), 
Pos(11, 11) => Pos(12, 12)

2 4 1 3 4 3 2 3 1 1 3 2 3
3 2 1 5 4 5 3 5 3 5 6 2 3
3 2 5 5 2 4 5 6 5 4 2 5 4
3 4 4 6 5 8 5 8 4 5 4 5 2
4 5 4 6 6 5 7 8 6 7 5 3 6
1 4 3 8 5 9 8 7 9 8 4 5 4
4 4 5 7 8 7 6 9 8 7 7 6 6
3 6 3 7 8 7 7 9 7 9 6 5 3
4 6 5 4 9 6 7 9 8 6 8 8 7
4 5 6 4 6 7 9 9 8 6 4 5 3
1 2 2 4 6 8 6 8 6 5 5 6 3
2 5 4 6 5 4 8 8 8 7 7 3 5
4 3 2 2 6 7 4 6 5 5 5 3 3